              precision    recall  f1-score   support

           1       0.96      0.94      0.95     42368
           2       0.94      0.97      0.96     56660
           3       0.93      0.96      0.94      7151
           4       0.91      0.85      0.88       549
           5       0.94      0.74      0.83      1899
           6       0.93      0.88      0.90      3474
           7       0.97      0.94      0.96      4102

    accuracy                           0.95    116203
   macro avg       0.94      0.90      0.92    116203
weighted avg       0.95      0.95      0.95    116203
