              precision    recall  f1-score   support

           0       0.96      0.96      0.96     42368
           1       0.96      0.97      0.97     56660
           2       0.96      0.96      0.96      7151
           3       0.91      0.88      0.90       549
           4       0.92      0.84      0.88      1899
           5       0.94      0.93      0.93      3474
           6       0.97      0.96      0.97      4102

    accuracy                           0.96    116203
   macro avg       0.95      0.93      0.94    116203
weighted avg       0.96      0.96      0.96    116203
